
=================================================================================================================
Statistic                        N       Mean     St. Dev.    Min     Pctl(25)    Median    Pctl(75)      Max    
-----------------------------------------------------------------------------------------------------------------
incident_disaster_fiscal_year 468,317 2,011.227    1.525     2,009     2,010      2,011      2,013       2,014   
chapter_code                  562,358 24,827.170 14,515.910  1,019     11,472     25,150     36,232     56,004   
pre_zip_5_digit               566,505 45,173.630 27,197.660  0.000   24,301.000 39,759.000 70,127.000 238,732.000
num_clients                   557,438   3.016      1.967       0         1          3          4          34     
num_cases_w_fin_assist        564,836   0.834      0.372       0         1          1          1           6     
age_5_or_under_num            458,992   0.411      0.786       0         0          0          1          12     
age_62_to_69_num              458,992   0.107      0.353       0         0          0          0           6     
age_6_to_61_num               458,992   0.915      0.279       0         1          1          1           1     
age_over_69_num               458,992   0.126      0.409       0         0          0          0          16     
female_num                    458,992   1.548      1.284       0         1          1          2          16     
male_num                      458,992   1.477      1.205       0         1          1          2          20     
gender_undeclared_num         458,992   0.078      0.538       0         0          0          0          21     
afro_american_num             458,992   0.524      1.459       0         0          0          0          34     
native_american_num           458,992   0.018      0.295       0         0          0          0          16     
asian_num                     458,992   0.000      0.000       0         0          0          0           0     
caucasian_num                 458,992   0.631      1.426       0         0          0          0          19     
hispanic_num                  458,992   0.218      1.001       0         0          0          0          19     
ethnicity_undeclared_num      458,992   1.651      2.075       0         0          1          3          26     
esri_longitude_x              505,356  -87.852     14.175   -171.692  -93.794    -85.175    -78.706      4.000   
esri_latitude_x               505,356   37.358     5.447    -122.662   33.956     37.957     40.847     71.096   
esri_zip                      505,098 44,870.030 27,156.530  0.000   23,829.000 39,576.000 70,075.750 99,999.000 
X.1                              9    94,043.440 1,784.842   93,301    93,304     93,304     93,304     98,663   
-----------------------------------------------------------------------------------------------------------------
